(kicad_pcb (version 20171130) (host pcbnew 5.0.0-fee4fd1~66~ubuntu18.04.1)

  (general
    (thickness 1.6)
    (drawings 18)
    (tracks 818)
    (zones 0)
    (modules 67)
    (nets 78)
  )

  (page A4)
  (layers
    (0 F.Cu signal)
    (1 In1.Cu signal)
    (2 In2.Cu signal)
    (31 B.Cu signal)
    (32 B.Adhes user)
    (33 F.Adhes user)
    (34 B.Paste user)
    (35 F.Paste user)
    (36 B.SilkS user)
    (37 F.SilkS user)
    (38 B.Mask user)
    (39 F.Mask user)
    (40 Dwgs.User user)
    (41 Cmts.User user)
    (42 Eco1.User user)
    (43 Eco2.User user)
    (44 Edge.Cuts user)
    (45 Margin user)
    (46 B.CrtYd user hide)
    (47 F.CrtYd user hide)
    (48 B.Fab user hide)
    (49 F.Fab user hide)
  )

  (setup
    (last_trace_width 0.127)
    (trace_clearance 0.127)
    (zone_clearance 0.2032)
    (zone_45_only no)
    (trace_min 0.127)
    (segment_width 0.2)
    (edge_width 0.15)
    (via_size 0.4572)
    (via_drill 0.254)
    (via_min_size 0.4572)
    (via_min_drill 0.254)
    (uvia_size 0.4572)
    (uvia_drill 0.254)
    (uvias_allowed no)
    (uvia_min_size 0.2)
    (uvia_min_drill 0.1)
    (pcb_text_width 0.3)
    (pcb_text_size 1.5 1.5)
    (mod_edge_width 0.15)
    (mod_text_size 1 1)
    (mod_text_width 0.15)
    (pad_size 1.524 1.524)
    (pad_drill 0.762)
    (pad_to_mask_clearance 0.0508)
    (aux_axis_origin 0 0)
    (visible_elements FFFFFF7F)
    (pcbplotparams
      (layerselection 0x010fc_ffffffff)
      (usegerberextensions false)
      (usegerberattributes false)
      (usegerberadvancedattributes false)
      (creategerberjobfile false)
      (excludeedgelayer true)
      (linewidth 0.100000)
      (plotframeref false)
      (viasonmask false)
      (mode 1)
      (useauxorigin false)
      (hpglpennumber 1)
      (hpglpenspeed 20)
      (hpglpendiameter 15.000000)
      (psnegative false)
      (psa4output false)
      (plotreference true)
      (plotvalue true)
      (plotinvisibletext false)
      (padsonsilk false)
      (subtractmaskfromsilk false)
      (outputformat 1)
      (mirror false)
      (drillshape 1)
      (scaleselection 1)
      (outputdirectory ""))
  )

  (net 0 "")
  (net 1 VCC)
  (net 2 /CLK_40M)
  (net 3 /CAN1_H)
  (net 4 /CAN1_L)
  (net 5 /CAN2_L)
  (net 6 /CAN2_H)
  (net 7 /CAN3_H)
  (net 8 /CAN3_L)
  (net 9 /CAN0_L)
  (net 10 /CAN0_H)
  (net 11 "Net-(J2-Pad38)")
  (net 12 /CAN2/MOSI)
  (net 13 /CAN2/SCK)
  (net 14 "Net-(J2-Pad40)")
  (net 15 +3V3)
  (net 16 "Net-(J2-Pad27)")
  (net 17 "Net-(J2-Pad28)")
  (net 18 "Net-(C3-Pad2)")
  (net 19 GND)
  (net 20 "Net-(J2-Pad19)")
  (net 21 /CAN0/MOSI)
  (net 22 "Net-(J2-Pad23)")
  (net 23 /CAN0/SCK)
  (net 24 +5V)
  (net 25 "Net-(R1-Pad2)")
  (net 26 /CAN0/MISO)
  (net 27 "Net-(R10-Pad1)")
  (net 28 "Net-(R12-Pad1)")
  (net 29 /CAN2/MISO)
  (net 30 "Net-(R14-Pad1)")
  (net 31 "Net-(R16-Pad1)")
  (net 32 "Net-(D1-Pad2)")
  (net 33 /CAN3/CS)
  (net 34 "/Raspi HAT/CAN3_INT")
  (net 35 "Net-(U6-Pad15)")
  (net 36 "Net-(C20-Pad1)")
  (net 37 "Net-(C22-Pad1)")
  (net 38 "/Raspi HAT/CAN3_RST")
  (net 39 "/Raspi HAT/CAN0_RST")
  (net 40 "Net-(C7-Pad1)")
  (net 41 "Net-(C5-Pad1)")
  (net 42 "Net-(U3-Pad15)")
  (net 43 "/Raspi HAT/CAN0_INT")
  (net 44 /CAN0/CS)
  (net 45 /CAN1/CS)
  (net 46 "/Raspi HAT/CAN1_INT")
  (net 47 "Net-(U4-Pad15)")
  (net 48 "Net-(C10-Pad1)")
  (net 49 "Net-(C12-Pad1)")
  (net 50 "/Raspi HAT/CAN1_RST")
  (net 51 "/Raspi HAT/CAN2_RST")
  (net 52 "Net-(C17-Pad1)")
  (net 53 "Net-(C15-Pad1)")
  (net 54 "Net-(U5-Pad15)")
  (net 55 "/Raspi HAT/CAN2_INT")
  (net 56 /CAN2/CS)
  (net 57 "Net-(X1-Pad1)")
  (net 58 "Net-(J2-Pad3)")
  (net 59 "Net-(J2-Pad5)")
  (net 60 "Net-(J2-Pad7)")
  (net 61 "Net-(J2-Pad8)")
  (net 62 "Net-(J2-Pad10)")
  (net 63 "Net-(J2-Pad13)")
  (net 64 "Net-(J2-Pad15)")
  (net 65 "Net-(J2-Pad16)")
  (net 66 "Net-(U6-Pad9)")
  (net 67 "Net-(U4-Pad9)")
  (net 68 "Net-(U3-Pad9)")
  (net 69 "Net-(U5-Pad9)")
  (net 70 "Net-(U3-Pad3)")
  (net 71 "Net-(U3-Pad2)")
  (net 72 "Net-(U4-Pad3)")
  (net 73 "Net-(U4-Pad2)")
  (net 74 "Net-(U5-Pad3)")
  (net 75 "Net-(U5-Pad2)")
  (net 76 "Net-(U6-Pad3)")
  (net 77 "Net-(U6-Pad2)")

  (net_class Default "This is the default net class."
    (clearance 0.127)
    (trace_width 0.127)
    (via_dia 0.4572)
    (via_drill 0.254)
    (uvia_dia 0.4572)
    (uvia_drill 0.254)
    (add_net +3V3)
    (add_net /CAN0/CS)
    (add_net /CAN0/MISO)
    (add_net /CAN0/MOSI)
    (add_net /CAN0/SCK)
    (add_net /CAN0_H)
    (add_net /CAN0_L)
    (add_net /CAN1/CS)
    (add_net /CAN1_H)
    (add_net /CAN1_L)
    (add_net /CAN2/CS)
    (add_net /CAN2/MISO)
    (add_net /CAN2/MOSI)
    (add_net /CAN2/SCK)
    (add_net /CAN2_H)
    (add_net /CAN2_L)
    (add_net /CAN3/CS)
    (add_net /CAN3_H)
    (add_net /CAN3_L)
    (add_net /CLK_40M)
    (add_net "/Raspi HAT/CAN0_INT")
    (add_net "/Raspi HAT/CAN0_RST")
    (add_net "/Raspi HAT/CAN1_INT")
    (add_net "/Raspi HAT/CAN1_RST")
    (add_net "/Raspi HAT/CAN2_INT")
    (add_net "/Raspi HAT/CAN2_RST")
    (add_net "/Raspi HAT/CAN3_INT")
    (add_net "/Raspi HAT/CAN3_RST")
    (add_net "Net-(J2-Pad10)")
    (add_net "Net-(J2-Pad13)")
    (add_net "Net-(J2-Pad15)")
    (add_net "Net-(J2-Pad16)")
    (add_net "Net-(J2-Pad19)")
    (add_net "Net-(J2-Pad23)")
    (add_net "Net-(J2-Pad27)")
    (add_net "Net-(J2-Pad28)")
    (add_net "Net-(J2-Pad3)")
    (add_net "Net-(J2-Pad38)")
    (add_net "Net-(J2-Pad40)")
    (add_net "Net-(J2-Pad5)")
    (add_net "Net-(J2-Pad7)")
    (add_net "Net-(J2-Pad8)")
    (add_net "Net-(R1-Pad2)")
    (add_net "Net-(R10-Pad1)")
    (add_net "Net-(R12-Pad1)")
    (add_net "Net-(R14-Pad1)")
    (add_net "Net-(R16-Pad1)")
    (add_net "Net-(U3-Pad15)")
    (add_net "Net-(U3-Pad2)")
    (add_net "Net-(U3-Pad3)")
    (add_net "Net-(U3-Pad9)")
    (add_net "Net-(U4-Pad15)")
    (add_net "Net-(U4-Pad2)")
    (add_net "Net-(U4-Pad3)")
    (add_net "Net-(U4-Pad9)")
    (add_net "Net-(U5-Pad15)")
    (add_net "Net-(U5-Pad2)")
    (add_net "Net-(U5-Pad3)")
    (add_net "Net-(U5-Pad9)")
    (add_net "Net-(U6-Pad15)")
    (add_net "Net-(U6-Pad2)")
    (add_net "Net-(U6-Pad3)")
    (add_net "Net-(U6-Pad9)")
    (add_net "Net-(X1-Pad1)")
  )

  (net_class PWR ""
    (clearance 0.127)
    (trace_width 0.254)
    (via_dia 1.016)
    (via_drill 0.508)
    (uvia_dia 0.762)
    (uvia_drill 0.508)
    (add_net +5V)
    (add_net GND)
    (add_net "Net-(C10-Pad1)")
    (add_net "Net-(C12-Pad1)")
    (add_net "Net-(C15-Pad1)")
    (add_net "Net-(C17-Pad1)")
    (add_net "Net-(C20-Pad1)")
    (add_net "Net-(C22-Pad1)")
    (add_net "Net-(C3-Pad2)")
    (add_net "Net-(C5-Pad1)")
    (add_net "Net-(C7-Pad1)")
    (add_net "Net-(D1-Pad2)")
    (add_net VCC)
  )

  (module Package_TO_SOT_SMD:SOT-23 (layer B.Cu) (tedit 5A02FF57) (tstamp 5C902994)
    (at 139.5 84 180)
    (descr "SOT-23, Standard")
    (tags SOT-23)
    (path /5C960736/5C781ECC)
    (attr smd)
    (fp_text reference D2 (at 2 0 270) (layer B.SilkS)
      (effects (font (size 1 1) (thickness 0.15)) (justify mirror))
    )
    (fp_text value ESDONCAN1 (at 0 -2.5 180) (layer B.Fab)
      (effects (font (size 1 1) (thickness 0.15)) (justify mirror))
    )
    (fp_line (start 0.76 -1.58) (end -0.7 -1.58) (layer B.SilkS) (width 0.12))
    (fp_line (start 0.76 1.58) (end -1.4 1.58) (layer B.SilkS) (width 0.12))
    (fp_line (start -1.7 -1.75) (end -1.7 1.75) (layer B.CrtYd) (width 0.05))
    (fp_line (start 1.7 -1.75) (end -1.7 -1.75) (layer B.CrtYd) (width 0.05))
    (fp_line (start 1.7 1.75) (end 1.7 -1.75) (layer B.CrtYd) (width 0.05))
    (fp_line (start -1.7 1.75) (end 1.7 1.75) (layer B.CrtYd) (width 0.05))
    (fp_line (start 0.76 1.58) (end 0.76 0.65) (layer B.SilkS) (width 0.12))
    (fp_line (start 0.76 -1.58) (end 0.76 -0.65) (layer B.SilkS) (width 0.12))
    (fp_line (start -0.7 -1.52) (end 0.7 -1.52) (layer B.Fab) (width 0.1))
    (fp_line (start 0.7 1.52) (end 0.7 -1.52) (layer B.Fab) (width 0.1))
    (fp_line (start -0.7 0.95) (end -0.15 1.52) (layer B.Fab) (width 0.1))
    (fp_line (start -0.15 1.52) (end 0.7 1.52) (layer B.Fab) (width 0.1))
    (fp_line (start -0.7 0.95) (end -0.7 -1.5) (layer B.Fab) (width 0.1))
    (fp_text user %R (at 0 0 90) (layer B.Fab)
      (effects (font (size 0.5 0.5) (thickness 0.075)) (justify mirror))
    )
    (pad 3 smd rect (at 1 0 180) (size 0.9 0.8) (layers B.Cu B.Paste B.Mask)
      (net 19 GND))
    (pad 2 smd rect (at -1 -0.95 180) (size 0.9 0.8) (layers B.Cu B.Paste B.Mask)
      (net 10 /CAN0_H))
    (pad 1 smd rect (at -1 0.95 180) (size 0.9 0.8) (layers B.Cu B.Paste B.Mask)
      (net 9 /CAN0_L))
    (model ${KISYS3DMOD}/Package_TO_SOT_SMD.3dshapes/SOT-23.wrl
      (at (xyz 0 0 0))
      (scale (xyz 1 1 1))
      (rotate (xyz 0 0 0))
    )
  )

  (module Package_TO_SOT_SMD:SOT-23 (layer B.Cu) (tedit 5A02FF57) (tstamp 5C90297F)
    (at 139.5 80.5 180)
    (descr "SOT-23, Standard")
    (tags SOT-23)
    (path /5C970AFF/5C781ECC)
    (attr smd)
    (fp_text reference D3 (at 2 0 270) (layer B.SilkS)
      (effects (font (size 1 1) (thickness 0.15)) (justify mirror))
    )
    (fp_text value ESDONCAN1 (at 0 -2.5 180) (layer B.Fab)
      (effects (font (size 1 1) (thickness 0.15)) (justify mirror))
    )
    (fp_text user %R (at 0 0 90) (layer B.Fab)
      (effects (font (size 0.5 0.5) (thickness 0.075)) (justify mirror))
    )
    (fp_line (start -0.7 0.95) (end -0.7 -1.5) (layer B.Fab) (width 0.1))
    (fp_line (start -0.15 1.52) (end 0.7 1.52) (layer B.Fab) (width 0.1))
    (fp_line (start -0.7 0.95) (end -0.15 1.52) (layer B.Fab) (width 0.1))
    (fp_line (start 0.7 1.52) (end 0.7 -1.52) (layer B.Fab) (width 0.1))
    (fp_line (start -0.7 -1.52) (end 0.7 -1.52) (layer B.Fab) (width 0.1))
    (fp_line (start 0.76 -1.58) (end 0.76 -0.65) (layer B.SilkS) (width 0.12))
    (fp_line (start 0.76 1.58) (end 0.76 0.65) (layer B.SilkS) (width 0.12))
    (fp_line (start -1.7 1.75) (end 1.7 1.75) (layer B.CrtYd) (width 0.05))
    (fp_line (start 1.7 1.75) (end 1.7 -1.75) (layer B.CrtYd) (width 0.05))
    (fp_line (start 1.7 -1.75) (end -1.7 -1.75) (layer B.CrtYd) (width 0.05))
    (fp_line (start -1.7 -1.75) (end -1.7 1.75) (layer B.CrtYd) (width 0.05))
    (fp_line (start 0.76 1.58) (end -1.4 1.58) (layer B.SilkS) (width 0.12))
    (fp_line (start 0.76 -1.58) (end -0.7 -1.58) (layer B.SilkS) (width 0.12))
    (pad 1 smd rect (at -1 0.95 180) (size 0.9 0.8) (layers B.Cu B.Paste B.Mask)
      (net 4 /CAN1_L))
    (pad 2 smd rect (at -1 -0.95 180) (size 0.9 0.8) (layers B.Cu B.Paste B.Mask)
      (net 3 /CAN1_H))
    (pad 3 smd rect (at 1 0 180) (size 0.9 0.8) (layers B.Cu B.Paste B.Mask)
      (net 19 GND))
    (model ${KISYS3DMOD}/Package_TO_SOT_SMD.3dshapes/SOT-23.wrl
      (at (xyz 0 0 0))
      (scale (xyz 1 1 1))
      (rotate (xyz 0 0 0))
    )
  )

  (module Package_TO_SOT_SMD:SOT-23 (layer B.Cu) (tedit 5A02FF57) (tstamp 5C90296A)
    (at 139.5 73.5 180)
    (descr "SOT-23, Standard")
    (tags SOT-23)
    (path /5C9AD914/5C781ECC)
    (attr smd)
    (fp_text reference D5 (at 2 0 270) (layer B.SilkS)
      (effects (font (size 1 1) (thickness 0.15)) (justify mirror))
    )
    (fp_text value ESDONCAN1 (at 0 -2.5 180) (layer B.Fab)
      (effects (font (size 1 1) (thickness 0.15)) (justify mirror))
    )
    (fp_line (start 0.76 -1.58) (end -0.7 -1.58) (layer B.SilkS) (width 0.12))
    (fp_line (start 0.76 1.58) (end -1.4 1.58) (layer B.SilkS) (width 0.12))
    (fp_line (start -1.7 -1.75) (end -1.7 1.75) (layer B.CrtYd) (width 0.05))
    (fp_line (start 1.7 -1.75) (end -1.7 -1.75) (layer B.CrtYd) (width 0.05))
    (fp_line (start 1.7 1.75) (end 1.7 -1.75) (layer B.CrtYd) (width 0.05))
    (fp_line (start -1.7 1.75) (end 1.7 1.75) (layer B.CrtYd) (width 0.05))
    (fp_line (start 0.76 1.58) (end 0.76 0.65) (layer B.SilkS) (width 0.12))
    (fp_line (start 0.76 -1.58) (end 0.76 -0.65) (layer B.SilkS) (width 0.12))
    (fp_line (start -0.7 -1.52) (end 0.7 -1.52) (layer B.Fab) (width 0.1))
    (fp_line (start 0.7 1.52) (end 0.7 -1.52) (layer B.Fab) (width 0.1))
    (fp_line (start -0.7 0.95) (end -0.15 1.52) (layer B.Fab) (width 0.1))
    (fp_line (start -0.15 1.52) (end 0.7 1.52) (layer B.Fab) (width 0.1))
    (fp_line (start -0.7 0.95) (end -0.7 -1.5) (layer B.Fab) (width 0.1))
    (fp_text user %R (at 0 0 90) (layer B.Fab)
      (effects (font (size 0.5 0.5) (thickness 0.075)) (justify mirror))
    )
    (pad 3 smd rect (at 1 0 180) (size 0.9 0.8) (layers B.Cu B.Paste B.Mask)
      (net 19 GND))
    (pad 2 smd rect (at -1 -0.95 180) (size 0.9 0.8) (layers B.Cu B.Paste B.Mask)
      (net 7 /CAN3_H))
    (pad 1 smd rect (at -1 0.95 180) (size 0.9 0.8) (layers B.Cu B.Paste B.Mask)
      (net 8 /CAN3_L))
    (model ${KISYS3DMOD}/Package_TO_SOT_SMD.3dshapes/SOT-23.wrl
      (at (xyz 0 0 0))
      (scale (xyz 1 1 1))
      (rotate (xyz 0 0 0))
    )
  )

  (module Package_TO_SOT_SMD:SOT-23 (layer B.Cu) (tedit 5A02FF57) (tstamp 5C902955)
    (at 139.5 77 180)
    (descr "SOT-23, Standard")
    (tags SOT-23)
    (path /5C990443/5C781ECC)
    (attr smd)
    (fp_text reference D4 (at 2 0 270) (layer B.SilkS)
      (effects (font (size 1 1) (thickness 0.15)) (justify mirror))
    )
    (fp_text value ESDONCAN1 (at 0 -2.5 180) (layer B.Fab)
      (effects (font (size 1 1) (thickness 0.15)) (justify mirror))
    )
    (fp_text user %R (at 0 0 90) (layer B.Fab)
      (effects (font (size 0.5 0.5) (thickness 0.075)) (justify mirror))
    )
    (fp_line (start -0.7 0.95) (end -0.7 -1.5) (layer B.Fab) (width 0.1))
    (fp_line (start -0.15 1.52) (end 0.7 1.52) (layer B.Fab) (width 0.1))
    (fp_line (start -0.7 0.95) (end -0.15 1.52) (layer B.Fab) (width 0.1))
    (fp_line (start 0.7 1.52) (end 0.7 -1.52) (layer B.Fab) (width 0.1))
    (fp_line (start -0.7 -1.52) (end 0.7 -1.52) (layer B.Fab) (width 0.1))
    (fp_line (start 0.76 -1.58) (end 0.76 -0.65) (layer B.SilkS) (width 0.12))
    (fp_line (start 0.76 1.58) (end 0.76 0.65) (layer B.SilkS) (width 0.12))
    (fp_line (start -1.7 1.75) (end 1.7 1.75) (layer B.CrtYd) (width 0.05))
    (fp_line (start 1.7 1.75) (end 1.7 -1.75) (layer B.CrtYd) (width 0.05))
    (fp_line (start 1.7 -1.75) (end -1.7 -1.75) (layer B.CrtYd) (width 0.05))
    (fp_line (start -1.7 -1.75) (end -1.7 1.75) (layer B.CrtYd) (width 0.05))
    (fp_line (start 0.76 1.58) (end -1.4 1.58) (layer B.SilkS) (width 0.12))
    (fp_line (start 0.76 -1.58) (end -0.7 -1.58) (layer B.SilkS) (width 0.12))
    (pad 1 smd rect (at -1 0.95 180) (size 0.9 0.8) (layers B.Cu B.Paste B.Mask)
      (net 5 /CAN2_L))
    (pad 2 smd rect (at -1 -0.95 180) (size 0.9 0.8) (layers B.Cu B.Paste B.Mask)
      (net 6 /CAN2_H))
    (pad 3 smd rect (at 1 0 180) (size 0.9 0.8) (layers B.Cu B.Paste B.Mask)
      (net 19 GND))
    (model ${KISYS3DMOD}/Package_TO_SOT_SMD.3dshapes/SOT-23.wrl
      (at (xyz 0 0 0))
      (scale (xyz 1 1 1))
      (rotate (xyz 0 0 0))
    )
  )

  (module Resistor_SMD:R_0603_1608Metric (layer F.Cu) (tedit 5B301BBD) (tstamp 5C819C07)
    (at 155.75 86.56941 90)
    (descr "Resistor SMD 0603 (1608 Metric), square (rectangular) end terminal, IPC_7351 nominal, (Body size source: http://www.tortai-tech.com/upload/download/2011102023233369053.pdf), generated with kicad-footprint-generator")
    (tags resistor)
    (path /5C9AD914/5C7810E4)
    (attr smd)
    (fp_text reference R25 (at -2.93059 0 90) (layer F.SilkS)
      (effects (font (size 1 1) (thickness 0.15)))
    )
    (fp_text value 10K (at 0 1.43 90) (layer F.Fab)
      (effects (font (size 1 1) (thickness 0.15)))
    )
    (fp_text user %R (at 0 0 90) (layer F.Fab)
      (effects (font (size 0.4 0.4) (thickness 0.06)))
    )
    (fp_line (start 1.48 0.73) (end -1.48 0.73) (layer F.CrtYd) (width 0.05))
    (fp_line (start 1.48 -0.73) (end 1.48 0.73) (layer F.CrtYd) (width 0.05))
    (fp_line (start -1.48 -0.73) (end 1.48 -0.73) (layer F.CrtYd) (width 0.05))
    (fp_line (start -1.48 0.73) (end -1.48 -0.73) (layer F.CrtYd) (width 0.05))
    (fp_line (start -0.162779 0.51) (end 0.162779 0.51) (layer F.SilkS) (width 0.12))
    (fp_line (start -0.162779 -0.51) (end 0.162779 -0.51) (layer F.SilkS) (width 0.12))
    (fp_line (start 0.8 0.4) (end -0.8 0.4) (layer F.Fab) (width 0.1))
    (fp_line (start 0.8 -0.4) (end 0.8 0.4) (layer F.Fab) (width 0.1))
    (fp_line (start -0.8 -0.4) (end 0.8 -0.4) (layer F.Fab) (width 0.1))
    (fp_line (start -0.8 0.4) (end -0.8 -0.4) (layer F.Fab) (width 0.1))
    (pad 2 smd roundrect (at 0.7875 0 90) (size 0.875 0.95) (layers F.Cu F.Paste F.Mask) (roundrect_rratio 0.25)
      (net 33 /CAN3/CS))
    (pad 1 smd roundrect (at -0.7875 0 90) (size 0.875 0.95) (layers F.Cu F.Paste F.Mask) (roundrect_rratio 0.25)
      (net 15 +3V3))
    (model ${KISYS3DMOD}/Resistor_SMD.3dshapes/R_0603_1608Metric.wrl
      (at (xyz 0 0 0))
      (scale (xyz 1 1 1))
      (rotate (xyz 0 0 0))
    )
  )

  (module Resistor_SMD:R_0603_1608Metric (layer F.Cu) (tedit 5B301BBD) (tstamp 5C819BF6)
    (at 155 98.8)
    (descr "Resistor SMD 0603 (1608 Metric), square (rectangular) end terminal, IPC_7351 nominal, (Body size source: http://www.tortai-tech.com/upload/download/2011102023233369053.pdf), generated with kicad-footprint-generator")
    (tags resistor)
    (path /5C990443/5C7810E4)
    (attr smd)
    (fp_text reference R24 (at -2.75 0.05) (layer F.SilkS)
      (effects (font (size 1 1) (thickness 0.15)))
    )
    (fp_text value 10K (at 0 1.43) (layer F.Fab)
      (effects (font (size 1 1) (thickness 0.15)))
    )
    (fp_line (start -0.8 0.4) (end -0.8 -0.4) (layer F.Fab) (width 0.1))
    (fp_line (start -0.8 -0.4) (end 0.8 -0.4) (layer F.Fab) (width 0.1))
    (fp_line (start 0.8 -0.4) (end 0.8 0.4) (layer F.Fab) (width 0.1))
    (fp_line (start 0.8 0.4) (end -0.8 0.4) (layer F.Fab) (width 0.1))
    (fp_line (start -0.162779 -0.51) (end 0.162779 -0.51) (layer F.SilkS) (width 0.12))
    (fp_line (start -0.162779 0.51) (end 0.162779 0.51) (layer F.SilkS) (width 0.12))
    (fp_line (start -1.48 0.73) (end -1.48 -0.73) (layer F.CrtYd) (width 0.05))
    (fp_line (start -1.48 -0.73) (end 1.48 -0.73) (layer F.CrtYd) (width 0.05))
    (fp_line (start 1.48 -0.73) (end 1.48 0.73) (layer F.CrtYd) (width 0.05))
    (fp_line (start 1.48 0.73) (end -1.48 0.73) (layer F.CrtYd) (width 0.05))
    (fp_text user %R (at 0 0) (layer F.Fab)
      (effects (font (size 0.4 0.4) (thickness 0.06)))
    )
    (pad 1 smd roundrect (at -0.7875 0) (size 0.875 0.95) (layers F.Cu F.Paste F.Mask) (roundrect_rratio 0.25)
      (net 15 +3V3))
    (pad 2 smd roundrect (at 0.7875 0) (size 0.875 0.95) (layers F.Cu F.Paste F.Mask) (roundrect_rratio 0.25)
      (net 56 /CAN2/CS))
    (model ${KISYS3DMOD}/Resistor_SMD.3dshapes/R_0603_1608Metric.wrl
      (at (xyz 0 0 0))
      (scale (xyz 1 1 1))
      (rotate (xyz 0 0 0))
    )
  )

  (module Resistor_SMD:R_0603_1608Metric (layer F.Cu) (tedit 5B301BBD) (tstamp 5C819BE5)
    (at 155 100.5)
    (descr "Resistor SMD 0603 (1608 Metric), square (rectangular) end terminal, IPC_7351 nominal, (Body size source: http://www.tortai-tech.com/upload/download/2011102023233369053.pdf), generated with kicad-footprint-generator")
    (tags resistor)
    (path /5C970AFF/5C7810E4)
    (attr smd)
    (fp_text reference R23 (at -2.75 0) (layer F.SilkS)
      (effects (font (size 1 1) (thickness 0.15)))
    )
    (fp_text value 10K (at 0 1.43) (layer F.Fab)
      (effects (font (size 1 1) (thickness 0.15)))
    )
    (fp_text user %R (at 0 0) (layer F.Fab)
      (effects (font (size 0.4 0.4) (thickness 0.06)))
    )
    (fp_line (start 1.48 0.73) (end -1.48 0.73) (layer F.CrtYd) (width 0.05))
    (fp_line (start 1.48 -0.73) (end 1.48 0.73) (layer F.CrtYd) (width 0.05))
    (fp_line (start -1.48 -0.73) (end 1.48 -0.73) (layer F.CrtYd) (width 0.05))
    (fp_line (start -1.48 0.73) (end -1.48 -0.73) (layer F.CrtYd) (width 0.05))
    (fp_line (start -0.162779 0.51) (end 0.162779 0.51) (layer F.SilkS) (width 0.12))
    (fp_line (start -0.162779 -0.51) (end 0.162779 -0.51) (layer F.SilkS) (width 0.12))
    (fp_line (start 0.8 0.4) (end -0.8 0.4) (layer F.Fab) (width 0.1))
    (fp_line (start 0.8 -0.4) (end 0.8 0.4) (layer F.Fab) (width 0.1))
    (fp_line (start -0.8 -0.4) (end 0.8 -0.4) (layer F.Fab) (width 0.1))
    (fp_line (start -0.8 0.4) (end -0.8 -0.4) (layer F.Fab) (width 0.1))
    (pad 2 smd roundrect (at 0.7875 0) (size 0.875 0.95) (layers F.Cu F.Paste F.Mask) (roundrect_rratio 0.25)
      (net 45 /CAN1/CS))
    (pad 1 smd roundrect (at -0.7875 0) (size 0.875 0.95) (layers F.Cu F.Paste F.Mask) (roundrect_rratio 0.25)
      (net 15 +3V3))
    (model ${KISYS3DMOD}/Resistor_SMD.3dshapes/R_0603_1608Metric.wrl
      (at (xyz 0 0 0))
      (scale (xyz 1 1 1))
      (rotate (xyz 0 0 0))
    )
  )

  (module Resistor_SMD:R_0603_1608Metric (layer F.Cu) (tedit 5B301BBD) (tstamp 5C819BD4)
    (at 155 94 180)
    (descr "Resistor SMD 0603 (1608 Metric), square (rectangular) end terminal, IPC_7351 nominal, (Body size source: http://www.tortai-tech.com/upload/download/2011102023233369053.pdf), generated with kicad-footprint-generator")
    (tags resistor)
    (path /5C960736/5C7810E4)
    (attr smd)
    (fp_text reference R22 (at 2.75 0 180) (layer F.SilkS)
      (effects (font (size 1 1) (thickness 0.15)))
    )
    (fp_text value 10K (at 0 1.43 180) (layer F.Fab)
      (effects (font (size 1 1) (thickness 0.15)))
    )
    (fp_line (start -0.8 0.4) (end -0.8 -0.4) (layer F.Fab) (width 0.1))
    (fp_line (start -0.8 -0.4) (end 0.8 -0.4) (layer F.Fab) (width 0.1))
    (fp_line (start 0.8 -0.4) (end 0.8 0.4) (layer F.Fab) (width 0.1))
    (fp_line (start 0.8 0.4) (end -0.8 0.4) (layer F.Fab) (width 0.1))
    (fp_line (start -0.162779 -0.51) (end 0.162779 -0.51) (layer F.SilkS) (width 0.12))
    (fp_line (start -0.162779 0.51) (end 0.162779 0.51) (layer F.SilkS) (width 0.12))
    (fp_line (start -1.48 0.73) (end -1.48 -0.73) (layer F.CrtYd) (width 0.05))
    (fp_line (start -1.48 -0.73) (end 1.48 -0.73) (layer F.CrtYd) (width 0.05))
    (fp_line (start 1.48 -0.73) (end 1.48 0.73) (layer F.CrtYd) (width 0.05))
    (fp_line (start 1.48 0.73) (end -1.48 0.73) (layer F.CrtYd) (width 0.05))
    (fp_text user %R (at 0 0 180) (layer F.Fab)
      (effects (font (size 0.4 0.4) (thickness 0.06)))
    )
    (pad 1 smd roundrect (at -0.7875 0 180) (size 0.875 0.95) (layers F.Cu F.Paste F.Mask) (roundrect_rratio 0.25)
      (net 15 +3V3))
    (pad 2 smd roundrect (at 0.7875 0 180) (size 0.875 0.95) (layers F.Cu F.Paste F.Mask) (roundrect_rratio 0.25)
      (net 44 /CAN0/CS))
    (model ${KISYS3DMOD}/Resistor_SMD.3dshapes/R_0603_1608Metric.wrl
      (at (xyz 0 0 0))
      (scale (xyz 1 1 1))
      (rotate (xyz 0 0 0))
    )
  )

  (module Package_DFN_QFN:DFN-8-1EP_3x2mm_P0.5mm_EP1.3x1.5mm (layer F.Cu) (tedit 5A68DC49) (tstamp 5C7E9EBE)
    (at 154 102.5 180)
    (descr "8-Lead Plastic Dual Flat, No Lead Package (8MA2) - 2x3x0.6 mm Body [UDFN] (see Atmel-8815-SEEPROM-AT24CS01-02-Datasheet.pdf)")
    (tags "DFN 0.5")
    (path /5C921E3E/5C75DA44)
    (attr smd)
    (fp_text reference U2 (at 2.75 0 270) (layer F.SilkS)
      (effects (font (size 1 1) (thickness 0.15)))
    )
    (fp_text value AT24CS64-MAHM (at 1 2.25 180) (layer F.Fab)
      (effects (font (size 1 1) (thickness 0.15)))
    )
    (fp_line (start -1.9 -1.125) (end 1.075 -1.125) (layer F.SilkS) (width 0.15))
    (fp_line (start -1.075 1.125) (end 1.075 1.125) (layer F.SilkS) (width 0.15))
    (fp_line (start -2.1 1.3) (end 2.1 1.3) (layer F.CrtYd) (width 0.05))
    (fp_line (start -2.1 -1.3) (end 2.1 -1.3) (layer F.CrtYd) (width 0.05))
    (fp_line (start 2.1 -1.3) (end 2.1 1.3) (layer F.CrtYd) (width 0.05))
    (fp_line (start -2.1 -1.3) (end -2.1 1.3) (layer F.CrtYd) (width 0.05))
    (fp_line (start -1.5 0) (end -0.5 -1) (layer F.Fab) (width 0.15))
    (fp_line (start -1.5 1) (end -1.5 0) (layer F.Fab) (width 0.15))
    (fp_line (start 1.5 1) (end -1.5 1) (layer F.Fab) (width 0.15))
    (fp_line (start 1.5 -1) (end 1.5 1) (layer F.Fab) (width 0.15))
    (fp_line (start -0.5 -1) (end 1.5 -1) (layer F.Fab) (width 0.15))
    (fp_text user %R (at 0 0 180) (layer F.Fab)
      (effects (font (size 0.7 0.7) (thickness 0.105)))
    )
    (pad "" smd rect (at 0.325 0.375 180) (size 0.5 0.6) (layers F.Paste))
    (pad "" smd rect (at 0.325 -0.375 180) (size 0.5 0.6) (layers F.Paste))
    (pad "" smd rect (at -0.325 0.375 180) (size 0.5 0.6) (layers F.Paste))
    (pad "" smd rect (at -0.325 -0.375 180) (size 0.5 0.6) (layers F.Paste))
    (pad 9 smd rect (at 0 0 180) (size 1.3 1.5) (layers F.Cu F.Mask))
    (pad 8 smd rect (at 1.45 -0.75 180) (size 0.75 0.3) (layers F.Cu F.Paste F.Mask)
      (net 15 +3V3))
    (pad 7 smd rect (at 1.45 -0.25 180) (size 0.75 0.3) (layers F.Cu F.Paste F.Mask)
      (net 19 GND))
    (pad 6 smd rect (at 1.45 0.25 180) (size 0.75 0.3) (layers F.Cu F.Paste F.Mask)
      (net 19 GND))
    (pad 5 smd rect (at 1.45 0.75 180) (size 0.75 0.3) (layers F.Cu F.Paste F.Mask)
      (net 19 GND))
    (pad 4 smd rect (at -1.45 0.75 180) (size 0.75 0.3) (layers F.Cu F.Paste F.Mask)
      (net 19 GND))
    (pad 3 smd rect (at -1.45 0.25 180) (size 0.75 0.3) (layers F.Cu F.Paste F.Mask)
      (net 19 GND))
    (pad 2 smd rect (at -1.45 -0.25 180) (size 0.75 0.3) (layers F.Cu F.Paste F.Mask)
      (net 17 "Net-(J2-Pad28)"))
    (pad 1 smd rect (at -1.45 -0.75 180) (size 0.75 0.3) (layers F.Cu F.Paste F.Mask)
      (net 16 "Net-(J2-Pad27)"))
    (model ${KISYS3DMOD}/Package_DFN_QFN.3dshapes/DFN-8-1EP_3x2mm_P0.5mm_EP1.3x1.5mm.wrl
      (at (xyz 0 0 0))
      (scale (xyz 1 1 1))
      (rotate (xyz 0 0 0))
    )
  )

  (module Resistor_SMD:R_0603_1608Metric (layer B.Cu) (tedit 5C770526) (tstamp 5C7B1946)
    (at 142.75 116.25 270)
    (descr "Resistor SMD 0603 (1608 Metric), square (rectangular) end terminal, IPC_7351 nominal, (Body size source: http://www.tortai-tech.com/upload/download/2011102023233369053.pdf), generated with kicad-footprint-generator")
    (tags resistor)
    (path /5C9AD914/5C786FD2)
    (attr smd)
    (fp_text reference R21 (at -2.5 1.25 135 unlocked) (layer B.SilkS)
      (effects (font (size 0.8 0.8) (thickness 0.15)) (justify mirror))
    )
    (fp_text value 10K (at 0 -1.43 270) (layer B.Fab)
      (effects (font (size 1 1) (thickness 0.15)) (justify mirror))
    )
    (fp_text user %R (at 0 0 270) (layer B.Fab)
      (effects (font (size 0.4 0.4) (thickness 0.06)) (justify mirror))
    )
    (fp_line (start 1.48 -0.73) (end -1.48 -0.73) (layer B.CrtYd) (width 0.05))
    (fp_line (start 1.48 0.73) (end 1.48 -0.73) (layer B.CrtYd) (width 0.05))
    (fp_line (start -1.48 0.73) (end 1.48 0.73) (layer B.CrtYd) (width 0.05))
    (fp_line (start -1.48 -0.73) (end -1.48 0.73) (layer B.CrtYd) (width 0.05))
    (fp_line (start -0.162779 -0.51) (end 0.162779 -0.51) (layer B.SilkS) (width 0.12))
    (fp_line (start -0.162779 0.51) (end 0.162779 0.51) (layer B.SilkS) (width 0.12))
    (fp_line (start 0.8 -0.4) (end -0.8 -0.4) (layer B.Fab) (width 0.1))
    (fp_line (start 0.8 0.4) (end 0.8 -0.4) (layer B.Fab) (width 0.1))
    (fp_line (start -0.8 0.4) (end 0.8 0.4) (layer B.Fab) (width 0.1))
    (fp_line (start -0.8 -0.4) (end -0.8 0.4) (layer B.Fab) (width 0.1))
    (pad 2 smd roundrect (at 0.7875 0 270) (size 0.875 0.95) (layers B.Cu B.Paste B.Mask) (roundrect_rratio 0.25)
      (net 34 "/Raspi HAT/CAN3_INT"))
    (pad 1 smd roundrect (at -0.7875 0 270) (size 0.875 0.95) (layers B.Cu B.Paste B.Mask) (roundrect_rratio 0.25)
      (net 15 +3V3))
    (model ${KISYS3DMOD}/Resistor_SMD.3dshapes/R_0603_1608Metric.wrl
      (at (xyz 0 0 0))
      (scale (xyz 1 1 1))
      (rotate (xyz 0 0 0))
    )
  )

  (module Resistor_SMD:R_0603_1608Metric (layer B.Cu) (tedit 5B301BBD) (tstamp 5C7B18B5)
    (at 142.75 91.75 90)
    (descr "Resistor SMD 0603 (1608 Metric), square (rectangular) end terminal, IPC_7351 nominal, (Body size source: http://www.tortai-tech.com/upload/download/2011102023233369053.pdf), generated with kicad-footprint-generator")
    (tags resistor)
    (path /5C960736/5C786FD2)
    (attr smd)
    (fp_text reference R18 (at 2.75 0.05 90) (layer B.SilkS)
      (effects (font (size 1 1) (thickness 0.15)) (justify mirror))
    )
    (fp_text value 10K (at 0 -1.43 90) (layer B.Fab)
      (effects (font (size 1 1) (thickness 0.15)) (justify mirror))
    )
    (fp_text user %R (at 0 0 90) (layer B.Fab)
      (effects (font (size 0.4 0.4) (thickness 0.06)) (justify mirror))
    )
    (fp_line (start 1.48 -0.73) (end -1.48 -0.73) (layer B.CrtYd) (width 0.05))
    (fp_line (start 1.48 0.73) (end 1.48 -0.73) (layer B.CrtYd) (width 0.05))
    (fp_line (start -1.48 0.73) (end 1.48 0.73) (layer B.CrtYd) (width 0.05))
    (fp_line (start -1.48 -0.73) (end -1.48 0.73) (layer B.CrtYd) (width 0.05))
    (fp_line (start -0.162779 -0.51) (end 0.162779 -0.51) (layer B.SilkS) (width 0.12))
    (fp_line (start -0.162779 0.51) (end 0.162779 0.51) (layer B.SilkS) (width 0.12))
    (fp_line (start 0.8 -0.4) (end -0.8 -0.4) (layer B.Fab) (width 0.1))
    (fp_line (start 0.8 0.4) (end 0.8 -0.4) (layer B.Fab) (width 0.1))
    (fp_line (start -0.8 0.4) (end 0.8 0.4) (layer B.Fab) (width 0.1))
    (fp_line (start -0.8 -0.4) (end -0.8 0.4) (layer B.Fab) (width 0.1))
    (pad 2 smd roundrect (at 0.7875 0 90) (size 0.875 0.95) (layers B.Cu B.Paste B.Mask) (roundrect_rratio 0.25)
      (net 43 "/Raspi HAT/CAN0_INT"))
    (pad 1 smd roundrect (at -0.7875 0 90) (size 0.875 0.95) (layers B.Cu B.Paste B.Mask) (roundrect_rratio 0.25)
      (net 15 +3V3))
    (model ${KISYS3DMOD}/Resistor_SMD.3dshapes/R_0603_1608Metric.wrl
      (at (xyz 0 0 0))
      (scale (xyz 1 1 1))
      (rotate (xyz 0 0 0))
    )
  )

  (module Resistor_SMD:R_0603_1608Metric (layer B.Cu) (tedit 5C76E0B7) (tstamp 5C7BE30B)
    (at 142.75 100.25 90)
    (descr "Resistor SMD 0603 (1608 Metric), square (rectangular) end terminal, IPC_7351 nominal, (Body size source: http://www.tortai-tech.com/upload/download/2011102023233369053.pdf), generated with kicad-footprint-generator")
    (tags resistor)
    (path /5C970AFF/5C786FD2)
    (attr smd)
    (fp_text reference R19 (at 2.55 -1.15 135 unlocked) (layer B.SilkS)
      (effects (font (size 0.8 0.8) (thickness 0.15)) (justify mirror))
    )
    (fp_text value 10K (at 0 -1.43 90) (layer B.Fab)
      (effects (font (size 1 1) (thickness 0.15)) (justify mirror))
    )
    (fp_text user %R (at 0 0 90) (layer B.Fab)
      (effects (font (size 0.4 0.4) (thickness 0.06)) (justify mirror))
    )
    (fp_line (start 1.48 -0.73) (end -1.48 -0.73) (layer B.CrtYd) (width 0.05))
    (fp_line (start 1.48 0.73) (end 1.48 -0.73) (layer B.CrtYd) (width 0.05))
    (fp_line (start -1.48 0.73) (end 1.48 0.73) (layer B.CrtYd) (width 0.05))
    (fp_line (start -1.48 -0.73) (end -1.48 0.73) (layer B.CrtYd) (width 0.05))
    (fp_line (start -0.162779 -0.51) (end 0.162779 -0.51) (layer B.SilkS) (width 0.12))
    (fp_line (start -0.162779 0.51) (end 0.162779 0.51) (layer B.SilkS) (width 0.12))
    (fp_line (start 0.8 -0.4) (end -0.8 -0.4) (layer B.Fab) (width 0.1))
    (fp_line (start 0.8 0.4) (end 0.8 -0.4) (layer B.Fab) (width 0.1))
    (fp_line (start -0.8 0.4) (end 0.8 0.4) (layer B.Fab) (width 0.1))
    (fp_line (start -0.8 -0.4) (end -0.8 0.4) (layer B.Fab) (width 0.1))
    (pad 2 smd roundrect (at 0.7875 0 90) (size 0.875 0.95) (layers B.Cu B.Paste B.Mask) (roundrect_rratio 0.25)
      (net 46 "/Raspi HAT/CAN1_INT"))
    (pad 1 smd roundrect (at -0.7875 0 90) (size 0.875 0.95) (layers B.Cu B.Paste B.Mask) (roundrect_rratio 0.25)
      (net 15 +3V3))
    (model ${KISYS3DMOD}/Resistor_SMD.3dshapes/R_0603_1608Metric.wrl
      (at (xyz 0 0 0))
      (scale (xyz 1 1 1))
      (rotate (xyz 0 0 0))
    )
  )

  (module Resistor_SMD:R_0603_1608Metric (layer B.Cu) (tedit 5C76E0E0) (tstamp 5C7B1893)
    (at 142.75 108.25 90)
    (descr "Resistor SMD 0603 (1608 Metric), square (rectangular) end terminal, IPC_7351 nominal, (Body size source: http://www.tortai-tech.com/upload/download/2011102023233369053.pdf), generated with kicad-footprint-generator")
    (tags resistor)
    (path /5C990443/5C786FD2)
    (attr smd)
    (fp_text reference R20 (at 2.45 -1.35 135 unlocked) (layer B.SilkS)
      (effects (font (size 0.8 0.8) (thickness 0.15)) (justify mirror))
    )
    (fp_text value 10K (at 0 -1.43 90) (layer B.Fab)
      (effects (font (size 1 1) (thickness 0.15)) (justify mirror))
    )
    (fp_text user %R (at 0 0 90) (layer B.Fab)
      (effects (font (size 0.4 0.4) (thickness 0.06)) (justify mirror))
    )
    (fp_line (start 1.48 -0.73) (end -1.48 -0.73) (layer B.CrtYd) (width 0.05))
    (fp_line (start 1.48 0.73) (end 1.48 -0.73) (layer B.CrtYd) (width 0.05))
    (fp_line (start -1.48 0.73) (end 1.48 0.73) (layer B.CrtYd) (width 0.05))
    (fp_line (start -1.48 -0.73) (end -1.48 0.73) (layer B.CrtYd) (width 0.05))
    (fp_line (start -0.162779 -0.51) (end 0.162779 -0.51) (layer B.SilkS) (width 0.12))
    (fp_line (start -0.162779 0.51) (end 0.162779 0.51) (layer B.SilkS) (width 0.12))
    (fp_line (start 0.8 -0.4) (end -0.8 -0.4) (layer B.Fab) (width 0.1))
    (fp_line (start 0.8 0.4) (end 0.8 -0.4) (layer B.Fab) (width 0.1))
    (fp_line (start -0.8 0.4) (end 0.8 0.4) (layer B.Fab) (width 0.1))
    (fp_line (start -0.8 -0.4) (end -0.8 0.4) (layer B.Fab) (width 0.1))
    (pad 2 smd roundrect (at 0.7875 0 90) (size 0.875 0.95) (layers B.Cu B.Paste B.Mask) (roundrect_rratio 0.25)
      (net 55 "/Raspi HAT/CAN2_INT"))
    (pad 1 smd roundrect (at -0.7875 0 90) (size 0.875 0.95) (layers B.Cu B.Paste B.Mask) (roundrect_rratio 0.25)
      (net 15 +3V3))
    (model ${KISYS3DMOD}/Resistor_SMD.3dshapes/R_0603_1608Metric.wrl
      (at (xyz 0 0 0))
      (scale (xyz 1 1 1))
      (rotate (xyz 0 0 0))
    )
  )

  (module TestPoint:TestPoint_Pad_D1.0mm (layer F.Cu) (tedit 5A0F774F) (tstamp 5C7A760B)
    (at 150 117.3)
    (descr "SMD pad as test Point, diameter 1.0mm")
    (tags "test point SMD pad")
    (path /5C731E32)
    (attr virtual)
    (fp_text reference TP1 (at 0 2.1 90) (layer F.SilkS)
      (effects (font (size 1 1) (thickness 0.15)))
    )
    (fp_text value TestPoint (at 0 1.55) (layer F.Fab)
      (effects (font (size 1 1) (thickness 0.15)))
    )
    (fp_circle (center 0 0) (end 0 0.7) (layer F.SilkS) (width 0.12))
    (fp_circle (center 0 0) (end 1 0) (layer F.CrtYd) (width 0.05))
    (fp_text user %R (at 0 -1.45) (layer F.Fab)
      (effects (font (size 1 1) (thickness 0.15)))
    )
    (pad 1 smd circle (at 0 0) (size 1 1) (layers F.Cu F.Mask)
      (net 2 /CLK_40M))
  )

  (module TestPoint:TestPoint_Pad_D1.0mm (layer F.Cu) (tedit 5A0F774F) (tstamp 5C7A7604)
    (at 142.1 86.4 90)
    (descr "SMD pad as test Point, diameter 1.0mm")
    (tags "test point SMD pad")
    (path /5C736D93)
    (attr virtual)
    (fp_text reference TP2 (at 0 -1.448 90) (layer F.SilkS)
      (effects (font (size 1 1) (thickness 0.15)))
    )
    (fp_text value TestPoint (at 0 1.55 90) (layer F.Fab)
      (effects (font (size 1 1) (thickness 0.15)))
    )
    (fp_circle (center 0 0) (end 0 0.7) (layer F.SilkS) (width 0.12))
    (fp_circle (center 0 0) (end 1 0) (layer F.CrtYd) (width 0.05))
    (fp_text user %R (at 0 -1.45 90) (layer F.Fab)
      (effects (font (size 1 1) (thickness 0.15)))
    )
    (pad 1 smd circle (at 0 0 90) (size 1 1) (layers F.Cu F.Mask)
      (net 1 VCC))
  )

  (module Capacitor_SMD:C_0603_1608Metric (layer F.Cu) (tedit 5B301BBE) (tstamp 5C79F0F2)
    (at 152.5 105.5 270)
    (descr "Capacitor SMD 0603 (1608 Metric), square (rectangular) end terminal, IPC_7351 nominal, (Body size source: http://www.tortai-tech.com/upload/download/2011102023233369053.pdf), generated with kicad-footprint-generator")
    (tags capacitor)
    (path /5C921E3E/5C780C94)
    (attr smd)
    (fp_text reference C25 (at 2.9 -0.1 270) (layer F.SilkS)
      (effects (font (size 1 1) (thickness 0.15)))
    )
    (fp_text value 100nF (at 0 1.43 270) (layer F.Fab)
      (effects (font (size 1 1) (thickness 0.15)))
    )
    (fp_text user %R (at 0 0 270) (layer F.Fab)
      (effects (font (size 0.4 0.4) (thickness 0.06)))
    )
    (fp_line (start 1.48 0.73) (end -1.48 0.73) (layer F.CrtYd) (width 0.05))
    (fp_line (start 1.48 -0.73) (end 1.48 0.73) (layer F.CrtYd) (width 0.05))
    (fp_line (start -1.48 -0.73) (end 1.48 -0.73) (layer F.CrtYd) (width 0.05))
    (fp_line (start -1.48 0.73) (end -1.48 -0.73) (layer F.CrtYd) (width 0.05))
    (fp_line (start -0.162779 0.51) (end 0.162779 0.51) (layer F.SilkS) (width 0.12))
    (fp_line (start -0.162779 -0.51) (end 0.162779 -0.51) (layer F.SilkS) (width 0.12))
    (fp_line (start 0.8 0.4) (end -0.8 0.4) (layer F.Fab) (width 0.1))
    (fp_line (start 0.8 -0.4) (end 0.8 0.4) (layer F.Fab) (width 0.1))
    (fp_line (start -0.8 -0.4) (end 0.8 -0.4) (layer F.Fab) (width 0.1))
    (fp_line (start -0.8 0.4) (end -0.8 -0.4) (layer F.Fab) (width 0.1))
    (pad 2 smd roundrect (at 0.7875 0 270) (size 0.875 0.95) (layers F.Cu F.Paste F.Mask) (roundrect_rratio 0.25)
      (net 19 GND))
    (pad 1 smd roundrect (at -0.7875 0 270) (size 0.875 0.95) (layers F.Cu F.Paste F.Mask) (roundrect_rratio 0.25)
      (net 15 +3V3))
    (model ${KISYS3DMOD}/Capacitor_SMD.3dshapes/C_0603_1608Metric.wrl
      (at (xyz 0 0 0))
      (scale (xyz 1 1 1))
      (rotate (xyz 0 0 0))
    )
  )

  (module Capacitor_SMD:C_0603_1608Metric (layer B.Cu) (tedit 5B301BBE) (tstamp 5C79471E)
    (at 144.5 119.5 90)
    (descr "Capacitor SMD 0603 (1608 Metric), square (rectangular) end terminal, IPC_7351 nominal, (Body size source: http://www.tortai-tech.com/upload/download/2011102023233369053.pdf), generated with kicad-footprint-generator")
    (tags capacitor)
    (path /5C9AD914/5C960A55)
    (attr smd)
    (fp_text reference C21 (at -3 0 90) (layer B.SilkS)
      (effects (font (size 1 1) (thickness 0.15)) (justify mirror))
    )
    (fp_text value 100nF (at 0 -1.43 90) (layer B.Fab)
      (effects (font (size 1 1) (thickness 0.15)) (justify mirror))
    )
    (fp_text user %R (at 0 0 90) (layer B.Fab)
      (effects (font (size 0.4 0.4) (thickness 0.06)) (justify mirror))
    )
    (fp_line (start 1.48 -0.73) (end -1.48 -0.73) (layer B.CrtYd) (width 0.05))
    (fp_line (start 1.48 0.73) (end 1.48 -0.73) (layer B.CrtYd) (width 0.05))
    (fp_line (start -1.48 0.73) (end 1.48 0.73) (layer B.CrtYd) (width 0.05))
    (fp_line (start -1.48 -0.73) (end -1.48 0.73) (layer B.CrtYd) (width 0.05))
    (fp_line (start -0.162779 -0.51) (end 0.162779 -0.51) (layer B.SilkS) (width 0.12))
    (fp_line (start -0.162779 0.51) (end 0.162779 0.51) (layer B.SilkS) (width 0.12))
    (fp_line (start 0.8 -0.4) (end -0.8 -0.4) (layer B.Fab) (width 0.1))
    (fp_line (start 0.8 0.4) (end 0.8 -0.4) (layer B.Fab) (width 0.1))
    (fp_line (start -0.8 0.4) (end 0.8 0.4) (layer B.Fab) (width 0.1))
    (fp_line (start -0.8 -0.4) (end -0.8 0.4) (layer B.Fab) (width 0.1))
    (pad 2 smd roundrect (at 0.7875 0 90) (size 0.875 0.95) (layers B.Cu B.Paste B.Mask) (roundrect_rratio 0.25)
      (net 19 GND))
    (pad 1 smd roundrect (at -0.7875 0 90) (size 0.875 0.95) (layers B.Cu B.Paste B.Mask) (roundrect_rratio 0.25)
      (net 15 +3V3))
    (model ${KISYS3DMOD}/Capacitor_SMD.3dshapes/C_0603_1608Metric.wrl
      (at (xyz 0 0 0))
      (scale (xyz 1 1 1))
      (rotate (xyz 0 0 0))
    )
  )

  (module Capacitor_SMD:C_0603_1608Metric (layer F.Cu) (tedit 5B301BBE) (tstamp 5C79470D)
    (at 154.5 117.5 180)
    (descr "Capacitor SMD 0603 (1608 Metric), square (rectangular) end terminal, IPC_7351 nominal, (Body size source: http://www.tortai-tech.com/upload/download/2011102023233369053.pdf), generated with kicad-footprint-generator")
    (tags capacitor)
    (path /5CA8EB06)
    (attr smd)
    (fp_text reference C1 (at 2.3 0 180) (layer F.SilkS)
      (effects (font (size 1 1) (thickness 0.15)))
    )
    (fp_text value 100nF (at 0 1.43 180) (layer F.Fab)
      (effects (font (size 1 1) (thickness 0.15)))
    )
    (fp_text user %R (at 0 0 180) (layer F.Fab)
      (effects (font (size 0.4 0.4) (thickness 0.06)))
    )
    (fp_line (start 1.48 0.73) (end -1.48 0.73) (layer F.CrtYd) (width 0.05))
